307,4
307,3
307,2
307,1
307,0
306,6
306,4
306,2
306,1
306,0
293,4
293,3
293,1
293,0
291,5
291,4
291,3
291,1
291,0
71,3
71,1
71,0
20,2
19,10
19,9
19,6
19,5
19,3
19,1
19,0
6,4
6,3
6,1
6,0
5,4
5,3
5,1
5,0
4,3
4,2
4,1
4,0
3,6
3,5
3,4
3,3
3,2
3,1
3,0
2,14
2,11
2,10
2,9
2,2
1,2
0,509
0,508
0,507
0,506
0,502
0,499
0,496
0,493
0,492
0,490
0,486
0,481
0,472
0,466
0,456
0,450
0,444
0,438
0,437
0,427
0,423
0,422
0,421
0,420
0,412
0,409
0,408
0,394
0,377
20,4
0,348
1,1
0,336
1,3
0,332
1,0
0,326
20,1
0,324
20,3
20,0
0,322
0,320
2,1
0,243
2,16
2,3
2,0
0,9
0,310
0,305
0,308
0,304
0,303
0,302
0,307
0,12
0,440
0,10
0,8
0,0
0,461
0,300
0,325
0,299
0,383
0,298
0,372
0,297
0,470
0,296
0,354
0,295
0,469
0,294
0,382
0,293
0,454
0,292
0,424
0,291
0,353
0,290
0,463
0,289
0,317
0,288
0,334
0,287
0,455
0,286
0,347
0,285
0,346
0,284
0,329
0,283
0,467
0,282
0,341
0,281
0,498
0,280
0,451
0,279
0,363
0,278
0,327
0,277
0,500
0,276
0,460
0,275
0,388
0,274
0,321
0,273
0,384
0,272
0,479
0,271
0,316
0,270
0,448
0,269
0,403
0,268
0,445
0,267
0,352
0,266
0,453
0,265
0,477
0,264
0,402
0,263
0,387
0,262
0,367
0,261
0,495
0,260
0,343
0,259
0,442
0,258
0,494
0,257
0,485
0,256
0,436
0,255
0,374
0,254
0,441
0,253
0,452
0,252
0,342
0,251
0,483
0,250
0,397
0,249
0,487
0,248
0,328
0,247
0,344
0,246
0,389
0,245
0,381
0,244
0,510
0,242
0,395
0,241
0,362
0,240
0,333
0,239
0,335
0,238
0,386
0,237
0,361
0,236
0,311
0,235
0,471
0,234
0,476
0,233
0,458
0,232
0,475
0,231
0,309
0,230
0,474
0,229
0,504
0,228
0,227
0,331
0,226
0,410
0,225
0,491
0,224
0,501
0,223
0,503
0,222
0,360
0,221
0,351
0,220
0,359
0,219
0,473
0,218
0,390
0,217
0,323
0,216
0,315
0,215
0,214
0,489
0,213
0,464
0,212
0,306
0,211
0,505
0,210
0,314
0,209
0,357
0,208
0,370
0,207
0,364
0,206
0,350
0,205
0,356
0,204
0,203
0,349
0,202
0,368
0,201
0,355
0,200
0,358
0,199
0,340
0,198
0,313
0,197
0,376
0,196
0,385
0,195
0,373
0,194
0,369
0,193
0,375
0,192
0,371
0,63
0,482
0,62
0,318
0,61
0,378
0,60
0,337
0,59
0,366
0,58
0,57
0,330
0,56
0,457
0,55
0,365
0,54
0,53
0,345
0,52
0,51
0,339
0,50
0,319
0,49
0,301
0,48
0,312
0,47
0,380
0,46
0,338
0,45
0,379
0,6
0,5
0,1
0,11
0,4
0,2
0,3
0,7
